label:Painting|http://schema.org/Painting/dateCreated
c.1476
1877
1518
1927
1981
1955
1920
1890
1900
1915
1942
1987
1893
1998
2006
1485
1485
1485
1485
1485
1765
1950
2009
1973
1547
1771
1975
1977
1908
1932
1873
1885
1926
1962
1990
1875
1891
1890
1845
1866
1905
2012
1883
1874
1875
1990
2002
1874
c.1883
1877
1660
1937
1869
1821
1987
1886
1901
1961
1848
1889
1918
c.1868
1948
c.1625
1899
1987
c.1645
1990
1877
1996
2006
1741
1910
2004
1975
1871
1997
1838
1582
1582
1582
1582
1582
1863
2009
1995
July 1942
1618
c.1949
1890
2005
1877
1896
1284
1962
c.1868
1890
1576
1920
c.1915
1960
1956
1934
1991
1939
c.1880
1852
1964
1996
1531
1852
1640
1960
1650
1913
1544
1599
1994
1875
1877
2010
1883
c.1910
1998
1970
1896
1994
1980
1913
1951
2009
1826
1901
1876
1519
1846
c.1977
1956
1970
1858
1858
1888
c.1890
c.1600
2001
c.1796
2003
1938
2006
1885
1872
1999
1893
1961
1990
1882
1467
1994
1928
1991
1542
2000
1984
1902
1960
1886
1922
1869
c.1631
1965
1311
1943
1866
1996
1661
1910
1873
1998
1900
1891
1940
1930
1912
1497
1967
1924
1587
1990
1889
2001
c.1814
1988
1944
1995
1888
1950
c.1595
1990
1897
1783
c.1547
c.1470
c.1650
1976
1910
1972
1752
1884
2000
1869
1853
1988
1956
c.1470
2000
c.1865
1918
1948
1892
1983
1637
c.1865
1979
c.1850
c.1882
1925
1925
1952
1923
1946
1916
1963
1946
1866
c.1545
1539
1764
c.1626
2003
1938
1906
c.1490
c.1490
1978
1908
2011
1871
2005
1564
2000
1871
1923
1973
1941
1974
c.1894
1862
1948
1971
1967
1878
c.1710
1970
1866
1494
1874
1989
1900
1912
2004
2004
1911
1911
c.1566
1905
1951
1984
1987
2007
c.1665
c.1531
1967
1958
1885
1912
1966
1988
1998
c.1844
1932
1878
1990
1572
1915
1944
1950
c.1620
1895
1948
1939
c.1868
1999
1924
1576
1958
1941
1911
c.1503
1971
1981
1873
1945
1948
1994
1996
1988
1605
1999
c.1490
c.1490
1947
1914
1512
1764
1764
1866
1937
1947
c.1545
1962
1978
1892
1821
c.1578
c.1892
1901
1907
1999
1896
1904
1882
c.1490
1965
1917
1992
1515
1954
1918
1924
1932
1964
1950
1932
1959
1992
1928
1974
1879
2008
c.1472
1876
1866
1996
1873
1900
1932
1480
1941
1937
1878
c.1952
1948
1957
c.1867
1866
1877
1987
1980
1923
1480
1910
1938
1879
1999
1566
1947
c.1870
1884
1997
1866
1905
1831
2009
1960
1515
1991
1906
c.1887
c.1930
2008
1911
1939
1950
1867
c.1468
1997
1926
1983
1890
1901
1963
1999
1967
c.1502
1917
1980
1893
1893
1893
1893
1957
1939
1991
1878
1885
1635
1965
1912
2006
1888
1874
1874
1938
1620
1839
c.1545
1926
c.1505
1877
1906
1432
1993
1866
1498
c.1614
2007
1909
1875
1866
c.1878
1894
1993
1930
1866
1886
1877
1896
1819
1962
1929
1984
1959
1917
1894
2007
1911
1993
c.1658
1925
1936
1977
c.1490
1879
2011
1530
1536
1800
1877
c.1476
c.1453
2005
1788
c.1909
1993
1897
1994
1877
1931
1931
1976
c.1545
1911
1822
1985
1914
1947
1859
1914
1964
1987
1603
1885
c.1871
1497
1998
1526
1953
1972
1999
1988
1866
1916
1917
1889
1999
1983
1875
1984
1935
c.1480
1630
1910
1948
1996
c.1470
1913
2011
1991
1871
c.1450
1927
1917
1830
1937
1858
1914
c.1868
c.1891
c.1916
1994
1884
1890
1474
1979
1295
1967
c.1868
1512
1512
1512
1512
1512
1849
c.1871
2009
1877
1992
1901
1955
1909
c.1911
1918
1620
1620
1862
1978
1866
1996
1956
1976
1925
1923
1822
c.1820
1950
1470
2005
c.1868
c.1914
1819
1559
1875
1798
1908
1821
1865
1963
1999
1977
1877
c.1542
1937
c.1746
1915
2002
c.1868
1992
1962
1955
1975
1888
2000
1661
c.1868
1918
c.1630
1877
1924
1996
1874
1893
c.1501
1910
1893
1868
1905
1973
1993
1863
1902
1887
1620
1620
1881
2008
1939
1736
1888
1938
2007
1889
1862
1996
1961
1934
1934
1934
1934
1845
1877
1934
2003
1848
1866
c.1306
1299
1875
1993
1877
1832
1918
1874
2002
1873
1894
1893
1625
c.1480
1635
1928
c.1855
1964
c.1795
1877
1963
1543
c.1760
c.1868
1470
1862
1956
1639
1887
1875
2002
1943
1636
1963
1927
1980
1975
1883
1984
1608
c.1920
1565
1981
1951
1924
1901
c.1868
1912
1880
1877
1934
c.1620
1988
1947
1892
1857
1819
1883
1991
1979
1883
1877
1818
1885
1892
c.1887
1950
1866
1588
1898
1923
1922
1631
c.1812
1998
1911
1527
c.1490
1748
1820
1955
1875
c.1300
1943
1981
1840
1997
1988
1987
1910
c.1868
1942
1943
1969
1892
1986
1935
1998
1966
1944
1866
1912
1983
1914
1682
1865
1664
c.1487
1892
1866
1915
1495
1889
1467
1740
1630
1916
1991
1990
1990
1931
c.1868
c.1518
1961
1308
1983
1939
c.1881
1900
1425
2002
1908
1976
1931
November 1965
1960
1913
1914
1993
1885
1749
1978
1976
1904
1962
1908
1793
1891
1953
c.1875
1882
1924
1565
1995
1989
c.1487
1926
1470
2002
1999
1932
1990
2008
1889
1926
